pdb_adhk <- ts(
c(
1642356.3, 1709132, 1775109.9, 1737534.9,
1748731.2, 1816268.2, 1881849.7, 1840786.2,
1855580.2, 1929018.7, 1993632.3, 1948852.2,
1958395.5, 2036816.6, 2103598.1, 2057687.6,
2058584.9, 2137385.6, 2207343.6, 2161552.5,
2158040, 2238704.4, 2312843.5, 2272929.2,
2264721, 2355445, 2429260.6, 2385186.8,
2378146.4, 2473512.9, 2552296.9, 2508971.9,
2498697.5, 2603852.6, 2684332.2, 2638969.6,
2625180.5, 2735414.1, 2818812.7, 2769748.1,
2703027.1, 2589769.2, 2720481.3, 2709721.7,
2684445.5, 2773065.2, 2816492.1, 2846056.9,
2819331.8, 2924444, 2977920, 2988527.4,
2961564.4, 3075781.9, 3124968.2, 3139160.6,
3113039.9, 3230990.3, 3279509.8, 3296741.7,
3264533.7, 3396302.6
),
start = c(2010, 1), frequency = 4
)
pdb_adhk_triwulanan <- ts(
c(
1642356.3, 1709132, 1775109.9, 1737534.9,
1748731.2, 1816268.2, 1881849.7, 1840786.2,
1855580.2, 1929018.7, 1993632.3, 1948852.2,
1958395.5, 2036816.6, 2103598.1, 2057687.6,
2058584.9, 2137385.6, 2207343.6, 2161552.5,
2158040, 2238704.4, 2312843.5, 2272929.2,
2264721, 2355445, 2429260.6, 2385186.8,
2378146.4, 2473512.9, 2552296.9, 2508971.9,
2498697.5, 2603852.6, 2684332.2, 2638969.6,
2625180.5, 2735414.1, 2818812.7, 2769748.1,
2703027.1, 2589769.2, 2720481.3, 2709721.7,
2684445.5, 2773065.2, 2816492.1, 2846056.9,
2819331.8, 2924444, 2977920, 2988527.4,
2961564.4, 3075781.9, 3124968.2, 3139160.6,
3113039.9, 3230990.3, 3279509.8, 3296741.7,
3264533.7, 3396302.6
),
start = c(2010, 1), frequency = 4
)
usethis::use_data(pdb_adhk_triwulanan, overwrite = TRUE)
usethis::use_mit_license("Joko Ade Nursiyono")
